20.000	118.000
40.000	100.000
74.778	68.100
74.830	67.932
74.895	67.765
74.975	67.597
75.032	67.430
75.106	67.262
75.169	67.095
75.243	66.927
75.310	66.760
75.387	66.592
75.466	66.425
75.551	66.257
75.625	66.089
75.712	65.922
75.793	65.754
75.885	65.587
75.955	65.419
76.055	65.251
76.141	65.084
76.243	64.916
76.336	64.749
76.414	64.581
76.507	64.414
76.604	64.246
76.687	64.078
77.055	63.911
77.407	63.743
77.483	63.576
77.666	63.409
77.817	63.241
77.987	63.074
78.068	62.906
78.200	62.738
78.306	62.570
78.407	62.403
78.537	62.235
78.656	62.068
78.752	61.901
78.881	61.733
78.964	61.566
79.096	61.398
79.198	61.231
79.301	61.063
79.413	60.896
79.525	60.728
79.618	60.561
79.725	60.394
79.831	60.226
79.935	60.059
80.039	59.890
80.156	59.723
80.257	59.556
80.369	59.389
80.485	59.221
80.598	59.054
80.693	58.887
80.798	58.719
80.916	58.552
81.018	58.385
81.134	58.218
81.249	58.051
81.342	57.883
81.440	57.716
81.555	57.549
81.661	57.382
81.777	57.214
81.874	57.047
81.990	56.880
82.095	56.712
82.211	56.545
82.340	56.378
82.419	56.211
82.535	56.044
82.639	55.876
82.755	55.709
82.863	55.542
82.965	55.374
83.083	55.207
83.192	55.040
83.292	54.873
83.410	54.706
83.514	54.538
83.625	54.371
83.744	54.204
83.853	54.037
83.958	53.869
84.073	53.702
84.202	53.535
84.287	53.367
84.392	53.200
84.496	53.033
84.627	52.866
84.742	52.698
84.838	52.531
84.945	52.364
85.076	52.196
85.182	52.029
85.273	51.862
85.396	51.695
85.517	51.527
85.717	51.360
86.170	51.193
86.532	51.026
86.654	50.858
86.772	50.691
86.886	50.524
86.999	50.356
87.109	50.189
87.210	50.022
87.321	49.855
87.443	49.687
87.563	49.520
87.650	49.353
87.769	49.186
87.888	49.018
87.996	48.851
88.106	48.684
88.230	48.516
88.325	48.349
88.442	48.182
88.546	48.014
88.667	47.847
88.773	47.680
88.868	47.513
88.985	47.346
89.075	47.178
89.161	47.011
89.283	46.844
89.418	46.676
89.519	46.509
89.611	46.342
89.726	46.174
89.838	46.007
89.984	45.840
90.065	45.672
90.192	45.505
90.298	45.338
90.396	45.171
90.506	45.003
90.619	44.836
90.779	44.669
90.890	44.501
91.017	44.334
91.156	44.167
91.275	44.000
91.389	43.832
91.498	43.665
91.592	43.498
91.726	43.331
91.821	43.163
91.944	42.996
92.066	42.829
92.171	42.662
92.275	42.494
92.385	42.327
95.296	38.502
95.343	38.498
95.358	38.331
95.799	38.163
95.901	37.996
96.010	37.828
96.124	37.661
96.247	37.493
96.377	37.326
96.500	37.158
96.592	36.991
96.703	36.823
96.835	36.656
96.951	36.488
97.046	36.321
97.168	36.153
97.262	35.986
97.368	35.818
97.474	35.651
97.569	35.483
97.678	35.316
97.770	35.148
97.848	34.981
97.973	34.813
98.067	34.646
98.156	34.478
98.267	34.311
98.379	34.143
98.484	33.976
98.618	33.808
98.771	33.640
98.898	33.473
99.020	33.305
99.138	33.137
99.249	32.970
99.345	32.802
99.461	32.635
99.585	32.467
99.692	32.300
99.800	32.132
99.910	31.965
100.037	31.797
100.139	31.630
100.261	31.462
100.365	31.295
100.464	31.127
100.583	30.960
100.682	30.792
100.804	30.625
100.938	30.457
101.028	30.290
101.144	30.122
101.258	29.955
101.367	29.787
101.469	29.620
101.599	29.452
101.729	29.285
101.822	29.117
101.920	28.950
102.037	28.782
102.139	28.615
102.260	28.447
102.386	28.280
102.485	28.112
102.581	27.944
102.692	27.777
102.918	27.609
103.279	27.442
103.376	27.274
103.823	27.107
103.925	26.939
104.063	26.772
104.153	26.604
104.260	26.437
104.381	26.269
104.493	26.102
104.614	25.934
104.734	25.767
104.840	25.599
104.964	25.432
105.077	25.264
105.180	25.097
105.295	24.929
105.413	24.761
105.516	24.594
105.630	24.426
105.738	24.259
105.846	24.091
105.963	23.924
106.082	23.756
106.194	23.589
106.301	23.421
106.411	23.254
106.505	23.086
106.630	22.919
106.738	22.751
106.848	22.584
106.953	22.416
107.055	22.249
107.172	22.081
107.287	21.914
107.392	21.746
107.501	21.579
107.605	21.411
107.711	21.243
107.837	21.076
107.931	20.908
108.048	20.740
108.162	20.573
108.265	20.405
108.363	20.238
108.476	20.070
108.584	19.902
108.703	19.735
108.803	19.567
108.931	19.400
109.018	19.232
109.138	19.065
109.246	18.897
109.355	18.730
109.471	18.562
109.549	18.395
109.685	18.227
109.776	18.059
109.896	17.888
109.990	17.718
110.111	17.546
110.208	17.375
110.308	17.208
110.396	17.034
110.503	16.864
110.627	16.697
110.766	16.529
110.866	16.360
110.978	16.192
111.097	16.021
111.200	15.849
111.264	15.680
111.611	15.506
112.229	15.337
112.389	15.166
112.458	14.999
112.623	14.831
112.739	14.664
112.854	14.496
112.978	14.325
113.077	14.158
113.191	13.990
113.300	13.823
113.386	13.655
113.491	13.488
113.583	13.320
113.681	13.153
113.805	12.985
113.925	12.817
114.055	12.650
114.183	12.482
114.326	12.315
114.441	12.147
114.568	11.980
114.691	11.812
114.790	11.645
114.910	11.477
115.036	11.310
115.141	11.142
115.249	10.975
115.359	10.807
115.470	10.640
115.573	10.472
115.673	10.304
115.784	10.129
115.887	9.959
115.989	9.792
116.098	9.624
116.202	9.456
116.312	9.289
116.412	9.121
116.524	8.953
116.632	8.786
116.748	8.618
116.906	8.451
117.111	8.283
117.333	8.116
117.586	7.948
117.828	7.780
118.084	7.613
118.469	7.445
118.891	7.277
119.224	7.110
119.730	6.942
120.338	6.775
121.456	6.607
122.300	6.439
123.775	6.272
124.922	6.104
125.925	5.937
126.279	5.769
126.598	5.602
126.928	5.434
127.277	5.266
127.636	5.099
128.011	4.931
128.389	4.764
129.593	4.596
129.988	4.428
130.450	4.261
131.039	4.093
131.555	3.926
132.230	3.758
133.008	3.591
133.865	3.423
134.607	3.255
135.422	3.088
136.271	2.920
137.102	2.752
138.175	2.585
139.140	2.417
139.963	2.250
140.784	2.082
141.521	1.915
142.220	1.747
142.929	1.579
143.617	1.412
144.320	1.244
145.014	1.077
145.680	0.909
146.982	0.742
147.669	0.574
148.353	0.406
149.023	0.239
149.705	0.071
150.370	-0.096
151.060	-0.264
151.764	-0.431
152.453	-0.599
153.114	-0.766
153.686	-0.934
154.459	-1.102
155.520	-1.269
