4.000000E+2	1.000000E+3
3.000000E+2	1.011000E+3
7.700000E+1	1.045000E+3
4.280000E+0	1.535000E+3
8.503900E-1	2.721000E+3
8.427700E-1	2.729900E+3
8.352200E-1	2.739600E+3
8.277300E-1	2.749800E+3
8.203100E-1	2.760600E+3
8.129600E-1	2.771700E+3
8.056700E-1	2.783200E+3
7.984500E-1	2.795000E+3
7.912900E-1	2.806900E+3
7.842000E-1	2.818900E+3
7.771700E-1	2.831000E+3
7.702100E-1	2.843000E+3
7.633000E-1	2.855000E+3
7.564600E-1	2.866800E+3
7.496800E-1	2.878600E+3
7.429600E-1	2.890400E+3
7.363000E-1	2.902100E+3
7.297100E-1	2.913800E+3
7.231700E-1	2.925600E+3
7.166800E-1	2.937400E+3
7.102600E-1	2.949200E+3
7.038900E-1	2.961100E+3
6.975900E-1	2.973100E+3
6.913300E-1	2.985200E+3
6.851400E-1	2.997400E+3
6.790000E-1	3.009600E+3
6.729100E-1	3.021900E+3
6.668800E-1	3.034300E+3
6.609000E-1	3.046800E+3
6.549800E-1	3.059300E+3
6.491100E-1	3.072000E+3
6.432900E-1	3.084700E+3
6.375200E-1	3.097400E+3
6.318100E-1	3.110300E+3
6.261500E-1	3.123200E+3
6.205400E-1	3.136100E+3
6.149700E-1	3.149200E+3
6.094600E-1	3.162300E+3
6.040000E-1	3.175500E+3
5.985900E-1	3.188700E+3
5.932200E-1	3.202100E+3
5.879000E-1	3.215500E+3
5.826300E-1	3.228900E+3
5.774100E-1	3.242500E+3
5.722400E-1	3.256100E+3
5.671100E-1	3.269800E+3
5.620300E-1	3.283500E+3
5.569900E-1	3.297400E+3
5.520000E-1	3.311300E+3
5.470500E-1	3.325200E+3
5.421400E-1	3.339300E+3
5.372900E-1	3.353300E+3
5.324700E-1	3.367500E+3
5.277000E-1	3.381700E+3
5.229700E-1	3.396000E+3
5.182800E-1	3.410300E+3
5.136400E-1	3.424700E+3
5.090300E-1	3.439200E+3
5.044700E-1	3.453700E+3
4.999500E-1	3.468400E+3
4.954700E-1	3.483100E+3
4.910300E-1	3.498000E+3
4.866300E-1	3.513000E+3
4.822600E-1	3.528100E+3
4.779400E-1	3.543400E+3
4.736600E-1	3.558900E+3
4.694100E-1	3.574400E+3
4.652000E-1	3.590200E+3
4.610400E-1	3.606100E+3
4.569000E-1	3.622200E+3
4.528100E-1	3.638400E+3
4.487500E-1	3.654800E+3
4.447300E-1	3.671300E+3
4.407400E-1	3.687900E+3
4.367900E-1	3.704700E+3
4.328800E-1	3.721600E+3
4.290000E-1	3.738700E+3
4.251500E-1	3.755800E+3
4.213400E-1	3.773100E+3
4.175600E-1	3.790500E+3
4.138200E-1	3.808000E+3
4.101100E-1	3.825600E+3
4.064400E-1	3.843300E+3
4.027900E-1	3.861200E+3
3.991800E-1	3.879100E+3
3.956100E-1	3.897200E+3
3.920600E-1	3.915300E+3
3.885500E-1	3.933600E+3
3.850600E-1	3.952000E+3
3.816100E-1	3.970500E+3
3.781900E-1	3.989000E+3
3.748000E-1	4.007700E+3
3.714400E-1	4.026500E+3
3.681100E-1	4.045300E+3
3.648100E-1	4.064300E+3
3.615400E-1	4.083300E+3
3.583000E-1	4.102500E+3
3.550900E-1	4.121700E+3
3.519100E-1	4.141000E+3
3.487600E-1	4.160500E+3
3.456300E-1	4.180000E+3
3.425300E-1	4.199500E+3
3.394600E-1	4.219200E+3
3.364200E-1	4.238900E+3
3.334000E-1	4.258800E+3
3.304200E-1	4.278700E+3
3.274500E-1	4.298700E+3
3.245200E-1	4.318700E+3
3.216100E-1	4.338900E+3
3.187300E-1	4.359100E+3
3.158700E-1	4.379400E+3
3.130400E-1	4.399800E+3
3.102400E-1	4.420300E+3
3.074500E-1	4.440800E+3
3.047000E-1	4.461500E+3
3.019700E-1	4.482300E+3
2.992600E-1	4.503200E+3
2.965800E-1	4.524200E+3
2.939200E-1	4.545400E+3
2.912900E-1	4.566700E+3
2.886800E-1	4.588100E+3
2.860900E-1	4.609600E+3
2.835200E-1	4.631300E+3
2.809800E-1	4.653200E+3
2.784600E-1	4.675200E+3
2.759700E-1	4.697400E+3
2.735000E-1	4.719800E+3
2.710400E-1	4.742300E+3
2.686100E-1	4.765100E+3
2.662100E-1	4.788100E+3
2.638200E-1	4.811200E+3
2.614600E-1	4.834600E+3
2.591100E-1	4.858200E+3
2.567900E-1	4.882000E+3
2.544900E-1	4.906000E+3
2.522100E-1	4.930300E+3
2.499500E-1	4.954700E+3
2.477100E-1	4.979400E+3
2.454900E-1	5.004200E+3
2.432900E-1	5.029300E+3
2.411100E-1	5.054600E+3
2.389500E-1	5.080000E+3
2.368000E-1	5.105700E+3
2.346800E-1	5.131600E+3
2.325800E-1	5.157600E+3
2.304900E-1	5.183700E+3
2.284300E-1	5.210000E+3
2.263800E-1	5.236400E+3
2.243500E-1	5.262900E+3
2.223400E-1	5.289500E+3
2.203500E-1	5.316100E+3
2.183700E-1	5.342900E+3
2.164200E-1	5.369700E+3
2.144800E-1	5.396600E+3
2.125500E-1	5.423500E+3
2.106500E-1	5.450600E+3
2.087600E-1	5.477800E+3
2.068900E-1	5.505100E+3
2.050300E-1	5.532500E+3
2.032000E-1	5.560100E+3
2.013800E-1	5.587900E+3
1.995700E-1	5.615700E+3
1.977800E-1	5.643800E+3
1.960100E-1	5.672000E+3
1.942500E-1	5.700400E+3
1.925100E-1	5.729000E+3
1.907900E-1	5.757800E+3
1.890800E-1	5.786900E+3
1.873800E-1	5.816200E+3
1.857000E-1	5.845700E+3
1.840400E-1	5.875500E+3
1.823900E-1	5.905600E+3
1.807500E-1	5.935900E+3
1.791300E-1	5.966500E+3
1.775300E-1	5.997400E+3
1.759400E-1	6.028600E+3
1.743600E-1	6.060100E+3
1.728000E-1	6.091800E+3
1.712500E-1	6.123900E+3
1.697100E-1	6.156200E+3
1.681900E-1	6.188800E+3
1.666800E-1	6.221700E+3
1.651900E-1	6.254800E+3
1.637100E-1	6.288300E+3
1.622400E-1	6.322000E+3
1.607900E-1	6.356000E+3
1.593500E-1	6.390200E+3
1.579200E-1	6.424700E+3
1.565000E-1	6.459400E+3
1.551000E-1	6.494300E+3
1.537100E-1	6.529400E+3
1.523300E-1	6.564800E+3
1.509700E-1	6.600300E+3
1.496200E-1	6.636000E+3
1.482700E-1	6.671900E+3
1.469500E-1	6.708000E+3
1.456300E-1	6.744200E+3
1.443200E-1	6.780700E+3
1.430300E-1	6.817400E+3
1.417500E-1	6.854300E+3
1.404800E-1	6.891500E+3
1.392200E-1	6.928900E+3
1.379700E-1	6.966500E+3
1.367300E-1	7.004400E+3
1.355100E-1	7.042600E+3
1.342900E-1	7.081000E+3
1.330900E-1	7.119700E+3
1.319000E-1	7.158600E+3
1.307100E-1	7.197600E+3
1.295400E-1	7.236900E+3
1.283800E-1	7.276300E+3
1.272300E-1	7.315800E+3
1.260900E-1	7.355500E+3
1.249600E-1	7.395200E+3
1.238400E-1	7.435100E+3
1.227300E-1	7.474900E+3
1.216300E-1	7.514900E+3
1.205400E-1	7.555100E+3
1.194600E-1	7.595500E+3
1.183900E-1	7.636100E+3
1.173300E-1	7.677100E+3
1.162800E-1	7.718500E+3
1.152300E-1	7.760300E+3
1.142000E-1	7.802600E+3
1.131800E-1	7.845300E+3
1.121600E-1	7.888700E+3
1.111600E-1	7.932500E+3
1.101600E-1	7.977000E+3
1.091700E-1	8.022000E+3
1.082000E-1	8.067400E+3
1.072300E-1	8.113300E+3
1.062700E-1	8.159500E+3
1.053100E-1	8.205900E+3
1.043700E-1	8.252700E+3
1.034300E-1	8.299600E+3
1.025100E-1	8.346600E+3
1.015900E-1	8.393800E+3
1.006800E-1	8.441000E+3
9.977500E-2	8.488400E+3
9.888100E-2	8.535800E+3
9.799500E-2	8.583500E+3
9.711600E-2	8.631300E+3
9.624600E-2	8.679400E+3
9.538300E-2	8.727700E+3
9.452800E-2	8.776300E+3
9.368100E-2	8.825200E+3
9.284100E-2	8.874500E+3
9.200900E-2	8.924100E+3
9.118500E-2	8.974100E+3
9.036700E-2	9.024400E+3
8.955700E-2	9.075000E+3
8.875500E-2	9.126000E+3
8.795900E-2	9.177300E+3
8.717100E-2	9.229000E+3
8.639000E-2	9.281000E+3
8.561500E-2	9.333300E+3
8.484800E-2	9.385900E+3
8.408700E-2	9.438900E+3
8.333400E-2	9.492200E+3
8.258700E-2	9.545800E+3
8.184700E-2	9.599700E+3
8.111300E-2	9.654000E+3
8.038600E-2	9.708600E+3
7.966600E-2	9.763500E+3
7.895200E-2	9.818800E+3
7.824400E-2	9.874400E+3
7.754300E-2	9.930400E+3
7.684800E-2	9.986600E+3
7.615900E-2	1.004300E+4
7.547600E-2	1.010000E+4
7.480000E-2	1.015800E+4
7.412900E-2	1.021600E+4
7.346500E-2	1.027400E+4
7.280600E-2	1.033300E+4
7.215400E-2	1.039200E+4
7.150700E-2	1.045200E+4
7.086600E-2	1.051300E+4
7.023100E-2	1.057400E+4
6.960200E-2	1.063600E+4
6.897800E-2	1.069900E+4
6.836000E-2	1.076200E+4
6.774700E-2	1.082600E+4
6.714000E-2	1.089000E+4
6.653800E-2	1.095500E+4
6.594200E-2	1.102100E+4
6.535100E-2	1.108700E+4
6.476500E-2	1.115300E+4
6.418400E-2	1.121900E+4
6.360900E-2	1.128600E+4
6.303900E-2	1.135300E+4
6.247400E-2	1.142000E+4
6.191400E-2	1.148800E+4
6.135900E-2	1.155600E+4
6.080900E-2	1.162500E+4
6.026400E-2	1.169500E+4
5.972400E-2	1.176600E+4
5.918900E-2	1.183800E+4
5.865800E-2	1.191000E+4
5.813200E-2	1.198500E+4
5.761100E-2	1.206000E+4
5.709500E-2	1.213600E+4
5.658300E-2	1.221400E+4
5.607600E-2	1.229200E+4
5.557400E-2	1.237100E+4
5.507500E-2	1.245000E+4
5.458200E-2	1.252900E+4
5.409300E-2	1.260800E+4
5.360800E-2	1.268600E+4
5.312700E-2	1.276400E+4
5.265100E-2	1.284100E+4
5.217900E-2	1.291700E+4
5.171200E-2	1.299300E+4
5.124800E-2	1.306800E+4
5.078900E-2	1.314300E+4
5.033400E-2	1.321800E+4
4.988200E-2	1.329300E+4
4.943500E-2	1.336900E+4
4.899200E-2	1.344500E+4
4.855300E-2	1.352300E+4
4.811800E-2	1.360100E+4
4.768700E-2	1.368000E+4
4.725900E-2	1.376000E+4
4.683600E-2	1.384100E+4
4.641600E-2	1.392300E+4
4.600000E-2	1.400600E+4
4.558800E-2	1.408900E+4
4.517900E-2	1.417300E+4
4.477400E-2	1.425700E+4
4.437300E-2	1.434200E+4
4.397500E-2	1.442700E+4
4.358100E-2	1.451200E+4
4.319000E-2	1.459800E+4
4.280300E-2	1.468400E+4
4.242000E-2	1.477100E+4
4.203900E-2	1.485800E+4
4.166300E-2	1.494700E+4
4.128900E-2	1.503600E+4
4.091900E-2	1.512700E+4
4.055200E-2	1.521900E+4
4.018900E-2	1.531200E+4
3.982900E-2	1.540700E+4
3.947200E-2	1.550400E+4
3.911800E-2	1.560100E+4
3.876700E-2	1.569900E+4
3.842000E-2	1.579600E+4
3.807500E-2	1.589300E+4
3.773400E-2	1.598900E+4
3.739600E-2	1.608400E+4
3.706100E-2	1.617700E+4
3.672900E-2	1.626900E+4
3.639900E-2	1.635800E+4
3.607300E-2	1.644500E+4
3.575000E-2	1.653100E+4
3.542900E-2	1.661600E+4
3.511200E-2	1.670200E+4
3.479700E-2	1.679000E+4
3.448500E-2	1.688000E+4
3.417600E-2	1.697300E+4
3.387000E-2	1.707000E+4
3.356600E-2	1.717200E+4
3.326600E-2	1.727900E+4
3.296700E-2	1.739100E+4
3.267200E-2	1.750900E+4
3.237900E-2	1.763300E+4
3.208900E-2	1.776000E+4
3.180100E-2	1.789000E+4
3.151600E-2	1.802200E+4
3.123400E-2	1.815500E+4
3.095400E-2	1.828800E+4
3.067600E-2	1.842000E+4
3.040100E-2	1.855200E+4
3.012900E-2	1.868000E+4
2.985900E-2	1.880700E+4
2.959100E-2	1.893000E+4
2.932600E-2	1.905100E+4
2.906300E-2	1.917000E+4
2.880300E-2	1.928800E+4
2.854500E-2	1.940500E+4
2.828900E-2	1.952200E+4
2.803500E-2	1.963900E+4
2.778400E-2	1.975600E+4
2.753500E-2	1.987400E+4
2.728800E-2	1.999300E+4
2.704300E-2	2.011300E+4
2.680100E-2	2.023500E+4
2.656100E-2	2.035800E+4
2.632300E-2	2.048400E+4
2.608700E-2	2.061100E+4
2.585300E-2	2.073900E+4
2.562100E-2	2.086900E+4
2.539200E-2	2.100000E+4
2.516400E-2	2.113300E+4
2.493900E-2	2.126700E+4
2.471500E-2	2.140200E+4
2.449400E-2	2.153800E+4
2.427400E-2	2.167600E+4
2.405600E-2	2.181400E+4
2.384100E-2	2.195400E+4
2.362700E-2	2.209400E+4
2.341500E-2	2.223600E+4
2.320600E-2	2.237800E+4
2.299800E-2	2.252100E+4
2.279100E-2	2.266500E+4
2.258700E-2	2.280900E+4
2.238500E-2	2.295400E+4
2.218400E-2	2.309900E+4
2.198500E-2	2.324400E+4
2.178800E-2	2.339000E+4
2.159300E-2	2.353700E+4
2.139900E-2	2.368400E+4
2.120800E-2	2.383200E+4
2.101700E-2	2.398100E+4
2.082900E-2	2.413000E+4
2.064200E-2	2.428100E+4
2.045700E-2	2.443300E+4
2.027400E-2	2.458600E+4
2.009200E-2	2.474100E+4
1.991200E-2	2.489700E+4
1.973400E-2	2.505400E+4
1.955700E-2	2.521300E+4
1.938200E-2	2.537400E+4
1.920800E-2	2.553600E+4
1.903600E-2	2.569900E+4
1.886500E-2	2.586300E+4
1.869600E-2	2.602900E+4
1.852800E-2	2.619600E+4
1.836200E-2	2.636300E+4
1.819800E-2	2.653200E+4
1.803500E-2	2.670100E+4
1.787300E-2	2.687200E+4
1.771300E-2	2.704300E+4
1.755400E-2	2.721400E+4
1.739700E-2	2.738700E+4
1.724100E-2	2.756000E+4
1.708600E-2	2.773300E+4
1.693300E-2	2.790800E+4
1.678100E-2	2.808200E+4
1.663100E-2	2.825700E+4
1.648200E-2	2.843300E+4
1.633400E-2	2.860900E+4
1.618800E-2	2.878500E+4
1.604300E-2	2.896200E+4
1.589900E-2	2.913900E+4
1.575600E-2	2.931600E+4
1.561500E-2	2.949300E+4
1.547500E-2	2.967200E+4
1.533700E-2	2.985000E+4
1.519900E-2	3.003000E+4
1.506300E-2	3.020900E+4
1.492800E-2	3.039000E+4
1.479400E-2	3.057100E+4
1.466100E-2	3.075300E+4
1.453000E-2	3.093600E+4
1.440000E-2	3.112000E+4
1.427100E-2	3.130400E+4
1.414300E-2	3.149000E+4
1.401600E-2	3.167600E+4
1.389000E-2	3.186300E+4
1.376600E-2	3.205200E+4
1.364300E-2	3.224100E+4
1.352000E-2	3.243100E+4
1.339900E-2	3.262200E+4
1.327900E-2	3.281300E+4
1.316000E-2	3.300500E+4
1.304200E-2	3.319800E+4
1.292500E-2	3.339200E+4
1.280900E-2	3.358600E+4
1.269500E-2	3.378100E+4
1.258100E-2	3.397600E+4
1.246800E-2	3.417200E+4
1.235600E-2	3.436800E+4
1.224600E-2	3.456400E+4
1.213600E-2	3.476100E+4
1.202700E-2	3.495800E+4
1.191900E-2	3.515600E+4
1.181200E-2	3.535300E+4
1.170600E-2	3.555100E+4
1.160200E-2	3.574900E+4
1.149800E-2	3.594700E+4
1.139500E-2	3.614500E+4
1.129200E-2	3.634300E+4
1.119100E-2	3.654100E+4
1.109100E-2	3.674000E+4
1.099100E-2	3.693800E+4
1.089300E-2	3.713600E+4
1.079500E-2	3.733400E+4
1.069900E-2	3.753100E+4
1.060300E-2	3.772900E+4
1.050800E-2	3.792700E+4
1.041300E-2	3.812400E+4
1.032000E-2	3.832100E+4
1.022800E-2	3.851800E+4
1.013600E-2	3.871400E+4
1.004500E-2	3.891100E+4
9.955100E-3	3.910600E+4
9.865900E-3	3.930200E+4
9.777400E-3	3.949700E+4
9.689800E-3	3.969200E+4
9.603000E-3	3.988600E+4
9.516900E-3	4.008000E+4
9.431600E-3	4.027400E+4
9.347000E-3	4.046700E+4
9.263300E-3	4.065900E+4
9.180200E-3	4.085100E+4
9.098000E-3	4.104300E+4
9.016400E-3	4.123400E+4
8.935600E-3	4.142400E+4
8.855500E-3	4.161400E+4
8.776100E-3	4.180300E+4
8.697500E-3	4.199100E+4
8.619500E-3	4.217900E+4
8.542300E-3	4.236600E+4
8.465700E-3	4.255300E+4
8.389800E-3	4.273800E+4
8.314600E-3	4.292400E+4
5.000000E-3	5.000000E+4
