0.36327	5232505.73480
0.36894	4639448.64852
0.37228	4320436.66834
0.37565	4019754.55852
0.37904	3737041.13934
0.38247	3471664.34632
0.38593	3223262.99974
0.38942	2991385.62496
0.39294	2775309.86255
0.39650	2574584.23789
0.40008	2388576.68647
0.40370	2216384.25901
0.40735	2057555.48088
0.41104	1911458.28758
0.41475	1777370.31969
0.41851	1654569.21778
0.42229	1542332.62243
0.42611	1439667.28944
0.42996	1345941.15430
0.43385	1259980.38297
0.43778	1180972.32108
0.44173	1107743.13457
0.44573	1039209.28431
0.44976	974919.29567
0.45383	914602.28385
0.45793	858204.07190
0.46207	805507.95199
0.46625	756342.36376
0.47047	710517.68787
0.47472	667817.21647
0.47902	628024.24176
0.48335	590894.96742
0.48772	556185.59714
0.49213	523616.21666
0.49658	493006.23611
0.50107	464265.36057
0.50561	437330.38358
0.51018	412120.03972
0.51479	388553.06354
0.51945	366521.10114
0.52415	345942.88708
0.52889	326710.06744
0.53367	308696.22933
0.53850	291793.01883
0.54337	275874.02305
0.54828	260830.88807
0.55324	246627.49591
0.55824	233236.75811
0.56329	220631.58618
0.56839	208775.86215
0.57353	197633.46805
0.57871	187168.28591
0.58395	177335.16826
0.58923	168088.96765
0.59456	159384.53660
0.59993	151158.66867
0.60536	143393.30487
0.61083	136052.32724
0.61636	129117.67678
0.62193	122589.35349
0.62756	116431.23941
0.63323	110634.30504
0.63896	105180.49140
0.64474	100033.68051
0.65057	95184.84288
0.65645	90597.86055
0.66239	86242.93617
0.66838	82110.13732
0.67443	78185.91976
0.68053	74463.05988
0.68668	70934.33410
0.69289	67588.90702
0.69916	64417.74916
0.70548	61410.02511
0.71186	58555.80244
0.71830	55840.63396
0.72479	53253.68427
0.73135	50781.40915
0.73796	48420.19679
0.74464	46173.65898
0.75137	44040.89278
0.75817	42023.70410
0.76502	40123.89881
0.77194	38342.37989
0.77892	36680.95321
0.78597	35137.81290
0.79308	33723.79432
0.80025	32376.59400
0.80749	31051.96741
0.81479	29749.01160
0.82216	28463.21183
0.82959	27193.66514
0.83710	25937.66269
0.84467	24700.62218
0.85231	23488.86425
0.86002	22311.41839
0.86779	21175.50820
0.87564	20091.06611
0.88356	19065.31573
0.89155	18109.09245
0.89961	17232.32870
0.90775	16441.34513
0.91596	15730.72405
0.92424	15088.72711
0.93260	14506.32483
0.94104	13969.07000
0.94955	13465.22431
0.95814	12982.14644
0.96680	12513.51577
0.97554	12060.23523
0.98437	11621.40188
0.99327	11196.11277
1.00230	10786.17380
1.01130	10389.77906
1.02050	10007.83152
1.02970	9640.33116
1.03900	9286.37505
1.04840	8946.14376
1.05790	8619.27612
1.06750	8305.59154
1.07710	8004.81913
1.08680	7716.59772
1.09670	7440.65642
1.10660	7176.54376
1.11660	6923.98885
1.12670	6682.54021
1.13690	6451.65608
1.14720	6230.88498
1.15750	6019.68514
1.16800	5817.51480
1.17860	5623.65159
1.18920	5438.00522
1.20000	5260.30480
1.21080	5090.36975
1.22180	4928.01947
1.23280	4773.07337
1.24400	4625.35087
1.25520	4484.49078
1.26660	4350.22222
1.27810	4222.36461
1.28960	4100.46645
1.30130	3984.25688
1.31300	3873.37471
1.32490	3767.36846
1.33690	3665.87696
1.34900	3568.44874
1.36120	3474.54201
1.37350	3383.79561
1.38590	3295.48717
1.39850	3209.16522
1.41110	3124.28799
1.42390	3040.40400
1.43670	2957.24237
1.44970	2874.62251
1.46290	2792.09295
1.47610	2709.47309
1.48940	2626.22116
1.50290	2542.15659
1.51650	2457.55024
1.53020	2374.47891
1.54400	2295.19996
1.55800	2222.06107
1.57210	2156.59725
1.58630	2108.28946
1.60070	2061.51669
1.61510	2009.86799
1.62980	1964.63023
1.64450	1917.40598
1.65940	1871.80704
1.67440	1827.20135
1.68950	1785.57539
1.70480	1745.03296
1.72020	1705.66438
1.73580	1664.48989
1.75150	1626.92720
1.76730	1590.71893
1.78330	1555.41362
1.79940	1521.64331
1.81570	1487.51183
1.83210	1454.73477
1.84870	1423.49273
1.86540	1391.88950
1.88230	1361.09893
1.89930	1332.56573
1.91650	1303.85195
1.93380	1276.58288
1.95130	1250.30705
1.96890	1224.12152
1.98670	1198.65836
2.00470	1174.54961
2.02280	1149.62821
2.04110	1124.43592
2.05960	1101.77190
2.07820	1079.28846
2.09700	1057.61768
2.11600	1036.66925
2.13510	1015.99172
2.15440	995.31418
2.17390	975.53959
2.19360	955.49411
2.21340	935.26805
2.23340	917.57024
2.25360	900.75733
2.27400	882.65320
2.29460	866.38205
2.31530	849.93031
2.33630	833.22575
2.35740	818.73342
2.37870	803.07628
2.40020	789.21600
2.42190	774.36249
2.44380	760.04171
2.46600	746.60583
2.48830	733.07062
2.51080	717.67533
2.53350	706.79479
2.55640	695.57114
2.57950	684.08562
2.60280	672.41049
2.62640	660.94303
2.65010	649.79161
2.67410	638.95622
2.69830	628.31044
2.72270	617.92653
2.74730	607.66902
2.77210	597.68240
2.79720	588.03891
2.82250	578.52182
2.84800	569.19435
2.87380	560.08360
2.89980	551.27984
2.92600	542.53929
2.95250	534.05157
2.97920	525.67220
3.00610	517.56371
3.03330	509.65388
3.06070	501.82531
3.08840	494.26762
3.11630	486.73703
3.14450	479.40508
3.17300	472.31693
3.20170	465.31004
3.23060	458.47471
3.25980	451.74774
3.28930	445.21942
3.31910	438.73624
3.34910	432.44269
3.37940	426.31166
3.40990	420.27093
3.44080	414.38370
3.47190	408.57774
3.50330	402.90721
3.53500	397.37214
3.56700	391.92735
3.59920	386.55480
3.63180	381.32673
3.66460	376.23409
3.69770	371.24078
3.73120	366.31068
3.76490	361.51602
3.79900	356.77554
3.83330	352.17049
3.86800	347.62866
3.90300	343.17712
3.93830	338.79782
3.97390	334.49978
4.00980	330.31009
4.04610	326.21973
4.08270	322.16549
4.11960	318.19251
4.15690	314.30080
4.19450	310.50842
4.23240	307.00497
4.27070	304.72051
4.30930	302.30964
4.34830	298.45404
4.38760	293.81288
4.42730	289.73155
4.46730	286.59832
4.50770	283.34770
4.54850	280.14223
4.58960	276.90967
4.63120	273.75838
4.67300	270.61612
4.71530	267.63638
4.75790	264.76500
4.80100	261.79430
4.84440	258.88680
4.88820	256.06960
4.93240	253.28852
4.97700	250.58870
5.02200	247.92500
5.06750	245.33354
5.11330	242.83237
5.15950	240.27702
5.20620	237.79391
5.25330	235.33789
5.30080	232.94507
5.34870	230.56129
5.39710	228.26779
5.44590	225.97430
5.49520	223.71693
5.54490	221.51373
5.59500	219.34666
5.64560	217.21570
5.69670	215.09376
5.74820	213.02601
5.80020	211.02146
5.85260	208.98080
5.90560	207.02140
5.95900	205.08909
6.01290	203.18386
6.06720	201.34185
6.12210	199.47274
6.17750	197.61267
6.23330	195.85192
6.28970	194.10019
6.34660	192.36653
6.40400	190.65996
6.46190	188.98047
6.52040	187.31905
6.57930	185.70277
6.63880	184.11358
6.69890	182.54244
6.75950	180.98034
6.82060	179.44533
6.88230	177.93740
6.94450	176.43851
7.00730	174.98476
7.07070	173.55810
7.13460	172.13144
7.19920	170.71381
7.26430	169.33230
7.33000	167.99593
7.39630	166.67762
7.46320	165.35029
7.53070	164.05004
7.59880	162.75882
7.66750	161.51275
7.73680	160.28474
7.80680	159.08382
7.87740	157.87387
7.94860	156.68198
8.02050	155.52620
8.09310	154.39751
8.16630	153.25077
8.24010	152.10402
8.31460	150.98437
8.38980	149.90083
8.46570	148.85341
8.54230	147.78793
8.61950	146.73148
8.69750	145.69308
8.77610	144.69081
8.85550	143.68854
8.93560	142.68626
9.01640	141.71108
9.09800	140.76298
9.18020	139.82391
9.26330	138.87582
9.34700	137.92772
9.43160	137.00671
9.51690	136.11279
9.60300	135.23693
9.68980	134.37913
9.77740	133.52133
9.86590	132.67255
9.95510	131.82378
10.04500	130.98404
10.13600	130.16236
10.22800	129.34970
10.32000	128.54608
10.41300	127.76051
10.50800	126.97494
10.60300	126.20744
10.69900	125.44896
10.79500	124.69951
10.89300	123.95006
10.99100	123.21868
11.09100	122.50535
11.19100	121.80105
11.29200	121.09675
11.39500	120.39244
11.49800	119.69717
11.60200	119.02899
11.70600	118.36984
11.81200	117.71069
11.91900	117.06056
12.02700	116.40141
12.13600	115.74226
12.24600	115.09213
12.35600	114.45104
12.46800	113.82800
12.58100	113.21400
12.69500	112.60902
12.80900	112.01308
12.92500	111.43519
13.04200	110.86633
13.16000	110.30650
13.27900	109.74667
13.39900	109.20490
13.52000	108.66313
13.64300	108.13039
13.76600	107.59765
13.89000	107.07394
14.01600	106.55023
14.14300	106.03555
14.27100	105.52990
14.40000	105.02425
14.53000	104.51860
14.66100	104.03100
14.79400	103.53438
14.92800	103.04679
15.06300	102.56823
15.19900	102.08966
15.33700	101.61110
15.47500	101.14157
15.61500	100.67203
15.75600	100.20250
15.89900	99.74199
16.04300	99.29052
16.18800	98.83002
16.33400	98.37854
16.48200	97.93610
16.63100	97.49365
16.78100	97.06024
16.93300	96.62682
17.08600	96.20243
17.24100	95.77805
17.39700	95.36269
17.55400	94.95185
17.71300	94.54642
17.87300	94.14642
18.03500	93.75183
18.19800	93.36266
18.36200	92.97981
18.52800	92.60147
18.69600	92.22855
18.86500	91.86015
19.03600	91.49626
19.20800	91.13689
19.38200	90.78203
19.55700	90.43078
19.73400	90.08315
19.91200	89.73822
20.09200	89.39690
20.27400	89.05830
20.45700	88.72060
20.64200	88.38560
20.82900	88.05241
21.01700	87.72103
21.20800	87.39236
21.39900	87.06549
21.59300	86.74133
21.78800	86.41898
21.98500	86.09933
22.18400	85.78240
22.38500	85.46817
22.58700	85.15756
22.79100	84.84965
22.99800	84.54446
23.20600	84.24287
23.41500	83.94399
23.62700	83.64873
23.84100	83.35617
24.05600	83.06633
24.27400	82.78009
24.49400	82.49566
24.71500	82.21394
24.93900	81.93403
25.16400	81.65773
25.39200	81.38233
25.62100	81.10964
25.85300	80.83965
26.08700	80.57148
26.32300	80.30511
26.56100	80.04235
26.80100	79.78140
27.04300	79.52315
27.28800	79.26762
27.53500	79.01479
27.78400	78.76377
28.03500	78.51637
28.28900	78.27076
28.54500	78.02697
28.80300	77.78678
29.06300	77.54750
29.32600	77.31093
29.59100	77.07616
29.85900	76.84230
30.12900	76.60934
30.40100	76.37638
30.67600	76.14342
30.95400	75.91136
31.23400	75.68020
31.51600	75.45085
31.80100	75.22331
32.08900	75.00028
32.37900	74.78086
32.67200	74.56506
32.96700	74.35106
33.26600	74.13887
33.56600	73.92758
33.87000	73.71629
34.17600	73.50590
34.48500	73.29642
34.79700	73.08874
35.11200	72.88287
35.42900	72.67880
35.75000	72.47654
36.07300	72.27608
36.39900	72.07743
36.72900	71.88059
37.06100	71.68555
37.39600	71.49232
37.73400	71.30180
38.07500	71.11218
38.42000	70.92437
38.76700	70.73655
39.11800	70.54964
39.47200	70.36183
39.82900	70.17492
40.18900	69.98891
40.55200	69.80652
40.91900	69.62593
41.28900	69.44805
41.66300	69.27287
42.03900	69.09951
42.42000	68.92795
42.80300	68.75639
43.19000	68.58483
43.58100	68.41327
43.97500	68.24080
44.37300	68.07015
44.77400	67.90220
45.17900	67.73605
45.58800	67.57172
46.00000	67.40558
46.41600	67.24034
46.83600	67.07780
47.25900	66.91708
47.68700	66.75816
48.11800	66.59744
48.55300	66.43671
48.99200	66.28140
49.43500	66.12880
49.88200	65.97350
50.33400	65.81729
50.78900	65.66469
51.24800	65.51390
51.71200	65.36220
52.17900	65.21141
52.65100	65.06332
53.12700	64.91434
53.60800	64.76987
54.09300	64.62359
54.58200	64.48183
55.07500	64.34277
55.57400	64.19830
56.07600	64.05834
56.58300	63.91477
57.09500	63.78294
57.61100	63.64299
58.13200	63.50393
58.65800	63.36397
59.18900	63.22853
59.72400	63.09670
60.26400	62.95855
60.80900	62.82220
61.35900	62.69218
61.91400	62.56035
62.47400	62.43213
63.03900	62.30391
63.60900	62.17479
64.18400	62.04657
64.76500	61.91835
65.35100	61.79645
65.94200	61.67094
66.53800	61.54543
67.14000	61.42083
67.74700	61.29622
68.36000	61.17252
68.97800	61.05242
69.60200	60.93143
70.23100	60.81585
70.86600	60.69847
71.50700	60.58199
72.15400	60.46551
72.80600	60.35083
73.46500	60.23435
74.12900	60.11787
74.80000	60.00861
75.47600	59.89575
76.15900	59.77565
76.84800	59.66188
77.54300	59.55533
78.24400	59.45149
78.95200	59.33772
79.66600	59.22937
80.38600	59.12192
81.11300	59.00905
81.84700	58.90431
82.58700	58.79776
83.33400	58.69573
84.08700	58.59098
84.84800	58.48985
85.61500	58.38421
86.39000	58.28398
87.17100	58.17743
87.95900	58.07721
88.75500	57.98149
89.55700	57.87765
90.36700	57.78104
91.18500	57.68352
92.00900	57.58600
92.84100	57.48577
93.68100	57.40090
94.52800	57.31512
95.38300	57.21579
96.24600	57.12459
97.11600	57.03340
97.99500	56.94581
98.88100	56.85461
99.77500	56.75980
100.68000	56.67041
101.59000	56.58282
102.51000	56.49434
103.43000	56.40224
104.37000	56.31736
105.31000	56.23158
106.27000	56.14670
107.23000	56.06544
108.20000	55.97604
109.17000	55.89387
110.16000	55.81261
111.16000	55.72683
112.16000	55.64376
113.18000	55.56069
114.20000	55.48394
115.23000	55.40267
116.28000	55.32502
117.33000	55.24827
118.39000	55.16519
119.46000	55.09115
120.54000	55.01440
121.63000	54.93855
122.73000	54.86451
123.84000	54.78957
124.96000	54.71191
126.09000	54.64329
127.23000	54.56744
128.38000	54.49882
129.54000	54.42387
130.71000	54.35073
131.90000	54.28301
133.09000	54.21439
134.29000	54.14396
135.51000	54.07895
136.73000	54.00942
137.97000	53.93809
139.22000	53.87307
140.48000	53.80535
141.75000	53.74034
143.03000	53.66269
144.32000	53.58232
145.63000	53.50196
146.95000	53.42431
148.27000	53.35298
149.62000	53.29067
150.97000	53.23108
152.33000	53.17239
153.71000	53.11279
155.10000	53.05500
156.50000	52.99812
157.92000	52.94123
159.35000	52.88615
160.79000	52.82926
162.24000	52.77509
163.71000	52.72091
165.19000	52.66854
166.68000	52.61527
168.19000	52.56380
169.71000	52.50872
171.25000	52.46176
172.80000	52.41120
174.36000	52.36244
175.94000	52.31368
177.53000	52.26582
179.13000	52.21797
180.75000	52.17101
182.39000	52.12587
184.04000	52.08072
185.70000	52.03738
187.38000	51.99313
189.08000	51.95070
190.79000	51.90916
192.51000	51.86762
194.25000	51.82699
196.01000	51.78726
197.78000	51.74843
199.57000	51.70961
201.38000	51.67259
203.20000	51.63466
205.03000	51.59854
206.89000	51.56423
208.76000	51.52811
210.65000	51.49380
212.55000	51.46039
214.48000	51.42879
216.42000	51.39628
218.37000	51.36558
220.35000	51.33488
222.34000	51.30418
224.35000	51.27439
226.38000	51.24730
228.43000	51.21931
230.49000	51.19312
232.58000	51.16874
234.68000	51.14165
236.80000	51.11908
238.95000	51.09560
241.11000	51.07303
243.29000	51.05136
245.49000	51.03149
247.71000	51.01253
249.95000	50.99357
252.21000	50.97641
254.49000	50.95835
256.79000	50.94300
259.11000	50.92946
261.46000	50.91682
263.82000	50.90327
266.21000	50.89154
268.61000	50.88431
271.04000	50.87348
273.50000	50.86625
275.97000	50.86174
278.46000	50.85361
280.98000	50.85000
